3 6 5 0 3 1 7 2 4 2 7 0 5 7 0 3 
5 6 4 1 3 4 7 3 4 1 6 7 6 3 3 0 
1 6 5 2 5 3 3 1 4 5 7 6 3 0 7 2 
1 2 5 7 7 6 7 7 0 0 4 5 1 4 2 0 
1 7 2 6 3 5 0 3 6 6 5 5 3 4 5 1 
6 3 1 7 3 7 2 3 5 4 7 1 1 3 3 4 
5 6 1 7 1 3 5 1 0 2 7 4 0 7 3 4 
6 7 2 7 1 2 1 6 2 7 7 3 6 5 6 6 
7 3 7 5 6 6 3 7 6 1 4 5 1 1 3 5 
6 2 1 2 5 2 5 3 1 2 3 3 4 2 6 3 
5 3 0 0 4 6 1 5 4 2 7 1 6 1 4 1 
4 5 7 4 1 6 0 4 2 5 2 5 3 6 1 6 
1 4 6 4 0 4 0 0 0 3 4 2 2 5 0 7 
5 5 6 6 1 1 4 4 2 5 3 7 2 4 0 4 
0 7 4 0 4 5 3 5 3 6 5 1 4 6 3 3 
7 5 6 6 2 4 4 6 6 7 3 2 2 2 1 3 
