237 306 340 347 300 270 448 268 342 382 276 384 239 307 328 425 345 410 408 356 364 390 322 420 361 303 345 320 341 308 306 321 
313 301 346 308 384 272 440 310 382 484 311 439 264 349 300 393 312 394 410 380 386 367 344 423 413 374 404 395 344 363 348 377 
403 417 446 445 463 312 476 376 508 510 310 504 272 450 364 487 406 469 546 509 484 426 468 491 448 494 485 514 356 369 390 414 
251 339 451 359 415 309 402 366 379 413 247 504 287 332 304 351 331 481 472 431 381 421 406 476 472 384 411 352 294 309 328 454 
274 367 276 306 290 245 374 257 407 420 285 386 220 422 348 443 337 413 425 485 421 354 343 349 441 356 420 387 381 321 326 337 
359 396 399 444 414 312 507 358 471 456 389 472 307 377 344 502 363 473 524 420 485 388 358 434 447 483 422 475 384 291 341 402 
288 294 335 349 360 237 400 280 376 429 308 387 222 303 397 422 360 392 423 392 370 399 314 369 368 390 370 377 321 318 311 355 
291 325 327 361 375 256 385 307 463 450 305 423 206 390 334 443 355 408 403 441 434 405 355 395 363 411 420 426 317 379 288 349 
360 461 420 441 482 335 478 410 502 513 358 530 283 395 375 445 472 525 516 498 499 412 470 535 498 498 493 448 376 415 355 475 
300 362 411 390 442 313 373 336 494 490 298 511 264 431 376 427 375 423 448 504 445 477 382 465 422 382 419 429 352 425 341 422 
337 363 426 384 455 327 437 332 434 492 296 445 226 435 322 403 426 397 495 411 418 444 363 437 436 444 447 435 309 306 356 364 
219 320 257 294 277 228 322 248 332 286 209 382 218 268 257 328 247 326 350 347 311 307 297 334 343 358 294 280 290 259 246 288 
280 292 340 362 348 225 331 288 344 385 200 401 193 287 263 313 299 338 359 357 348 345 381 367 327 355 356 320 221 334 338 390 
383 405 524 448 455 356 513 418 445 581 352 502 269 420 460 480 447 495 571 523 461 436 448 530 496 443 469 514 382 392 473 478 
364 368 448 391 428 297 476 361 425 507 306 499 271 391 378 414 414 431 512 479 419 437 447 504 462 435 481 423 352 381 404 426 
244 326 285 326 327 240 350 265 333 375 237 430 218 247 261 353 277 351 350 359 328 365 341 416 386 378 331 268 313 352 248 367 
326 317 388 372 359 309 334 310 377 383 296 446 249 363 344 371 326 356 398 469 310 352 363 414 401 445 366 357 269 367 300 330 
324 327 314 385 388 298 405 322 404 418 312 471 236 379 325 321 317 317 381 390 399 328 348 390 355 370 358 379 271 350 333 376 
316 366 292 396 342 237 412 300 398 421 299 427 224 319 343 396 355 386 428 438 374 317 373 420 355 405 365 359 355 354 291 355 
288 378 410 399 372 296 418 337 434 394 278 480 259 375 382 483 362 476 421 492 448 407 363 470 394 425 449 407 354 400 328 434 
348 387 354 360 450 274 392 396 476 509 308 461 237 392 353 419 404 441 508 499 440 403 395 427 424 527 418 415 401 342 310 422 
274 314 390 386 423 302 416 364 365 439 315 460 267 303 353 413 342 410 417 360 397 439 410 436 438 447 393 345 266 385 319 336 
220 346 347 373 379 259 383 258 337 392 262 407 239 319 278 400 300 380 408 393 369 384 380 407 360 369 422 337 279 346 342 348 
318 351 349 411 353 302 334 295 408 366 312 413 259 359 315 390 320 390 385 401 415 300 320 325 347 375 383 380 260 333 366 376 
305 370 428 476 393 350 466 318 471 423 334 514 309 343 374 477 379 503 479 436 448 425 378 485 455 420 422 419 378 387 358 442 
287 351 349 399 400 309 444 290 449 453 276 412 234 439 307 456 336 385 415 470 485 412 351 416 376 405 407 458 334 352 358 392 
268 298 409 328 354 285 442 349 340 413 291 458 278 305 315 361 357 445 418 356 330 407 351 439 439 380 406 318 276 339 323 347 
298 368 384 413 447 274 421 326 434 463 289 470 260 346 327 402 405 459 462 371 421 423 383 439 422 393 449 378 312 342 311 383 
349 333 385 438 403 244 422 237 441 456 320 454 259 359 329 447 353 423 434 422 398 399 332 409 381 404 455 474 287 350 324 339 
301 360 356 385 438 306 475 353 436 499 371 500 274 437 321 463 329 437 476 480 470 419 431 427 429 472 465 451 335 374 378 403 
324 367 402 407 424 288 460 323 451 467 321 498 260 320 411 415 409 460 515 477 483 423 375 460 389 455 502 455 362 355 369 439 
266 290 363 255 328 277 344 308 382 406 263 398 169 357 301 365 281 359 372 434 320 373 366 418 377 409 379 383 284 352 299 360 
