254 179 157 172 202 180 173 185 229 193 174 272 216 252 153 211 
163 120 78 80 126 106 108 129 141 102 111 176 103 128 136 156 
261 194 177 179 253 201 192 245 254 234 260 304 241 268 230 263 
210 164 183 145 199 177 163 233 271 237 238 258 241 252 219 218 
216 194 155 151 204 190 168 191 274 217 191 265 228 247 171 237 
205 141 143 133 142 128 126 200 187 210 156 225 205 207 110 198 
301 207 225 215 271 231 197 249 306 235 263 296 269 293 244 256 
186 144 154 114 129 140 130 167 222 210 159 204 200 213 160 174 
223 145 182 157 186 198 147 229 292 227 165 243 280 269 187 183 
262 248 203 194 257 243 178 214 286 249 233 317 264 263 260 281 
242 199 216 158 203 213 193 239 281 260 195 300 253 280 205 203 
187 147 140 181 184 137 146 131 220 172 193 194 207 243 125 158 
200 182 176 163 200 200 133 150 211 207 140 219 207 193 164 195 
177 162 167 139 158 123 122 200 217 207 190 232 185 213 126 205 
226 164 196 167 229 206 174 186 193 205 179 232 207 221 234 188 
255 218 221 213 270 208 174 237 272 284 214 347 287 265 216 246 
